acquire 1526
    0328 1526 1539 1729 1740
    1754 1775 1791 2084 2247
    2295 2327 2353 2376 2391
    2432 2442 2458 2496 2528
    2771 2820 3253 3671 4456
    4493 4613 4679 4873 4908
    4924 4957 4967 4977 5473
    5490 5506 6212 6231 6255
    7543 7671 7696 7793 9615
    9806 9937
allocproc 2079
    0308 2079 2160 2967
alltraps 3156
    3110 3118 3132 3137 3155
    3156
ALT 7160
    7160 7188 7190
argfd 5614
    5614 5657 5669 5680 5694
    5706
argint 3444
    0345 3444 3458 3474 3636
    3656 3669 3706 3719 3731
    3758 3759 3760 3774 3775
    3776 3786 3805 3816 3817
    3828 3829 3831 3858 3859
    3861 3874 3875 3877 3890
    3891 3893 3905 3906 3907
    3918 3931 5619 5657 5669
    5869 5912 5913 5957
argptr 3454
    0346 3454 3707 3708 3720
    3721 3761 3762 3777 3778
    3806 3807 3830 3860 3862
    3863 3876 3892 3894 3895
    3919 3920 3932 3933 5657
    5669 5706 5982
argstr 3471
    0347 3471 5718 5774 5869
    5911 5926 5938 5957
assert 1853
    1700 1714 1723 1853 1900
    1907 8755 8806 8807 8808
    8809 8810
BACK 10161
    10161 10274 10420 10689
backcmd 10196 10414
    10196 10209 10275 10414
    10416 10530 10655 10690
BACKSPACE 7368
    7368 7386 7413 7706 7712
balloc 4767
    4767 4789 5069 5080 5090
BBLOCK 4246
    4246 4777 4812
bfree 4802
    4802 5110 5120
bget 4609
    4609 4640 4656
binit 4588
    0213 1286 4588
bmap 5060
    5060 5097 5170 5201 5237
bootmain 1167
    1018 1167
bootothers 1351
    1258 1308 1351
BPB 4243
    4243 4246 4776 4778 4813
bread 4652
    0214 4652 4734 4757 4777
    4812 4931 5012 5033 5082
    5116 5170 5201 5237
brelse 4674
    0215 4674 4677 4736 4760
    4783 4787 4819 4940 5018
    5021 5042 5087 5093 5122
    5173 5205 5248 5252
BSIZE 4207
    4207 4219 4237 4243 4758
    5170 5171 5172 5193 5194
    5201 5202 5203 5236 5237
    5239
buf 3950
    0203 0214 0215 0216 0258
    3950 3954 3955 3956 4360
    4376 4427 4454 4482 4484
    4487 4577 4579 4585 4590
    4597 4608 4611 4621 4651
    4654 4664 4674 4689 4719
    4731 4754 4770 4804 4918
    5005 5030 5063 5105 5155
    5183 5230 7454 7466 7469
    7483 7504 7516 7519 7522
    7666 7673 7683 7704 7717
    7830 10284 10287 10288
    10289 10303 10315 10316
    10319 10320 10321 10325
bufhead 4585
    4585 4595 4596 4598 4599
    4600 4601 4617 4631 4683
    4684 4685 4686
buf_table_lock 4580
    4580 4592 4613 4621 4625
    4636 4679 4691
bwrite 4664
    0216 4664 4667 4759 4782
    4818 5017 5041 5091 5204
bzero 4752
    4752 4808
B_BUSY 3959
    3959 4486 4618 4620 4624
    4632 4633 4666 4676 4688
B_DIRTY 3961
    3961 4439 4463 4468 4488
    4506 4668
B_VALID 3960
    3960 4467 4488 4506 4618
    4657
C 7181 7689
    7181 7229 7254 7255 7256
    7257 7258 7260 7689 7699
    7702 7709 7719 7831
CAPSLOCK 7162
    7162 7195 7336
cga_putc 7401
    7401 7442
cli 0551
    0551 0553 0964 1077 1545
    7436 7885
cmd 10165
    8076 8077 9222 9238 9254
    9490 9491 9492 9493 9584
    9585 9586 9588 9603 9604
    9605 9607 9817 9874 9875
    9876 9877 9878 9881 9882
    9886 10165 10177 10186
    10187 10192 10193 10198
    10202 10206 10215 10218
    10223 10231 10237 10241
    10251 10275 10277 10352
    10355 10357 10358 10359
    10360 10363 10364 10366
    10368 10369 10370 10371
    10372 10373 10374 10375
    10376 10379 10380 10382
    10384 10385 10386 10387
    10388 10389 10400 10401
    10403 10405 10406 10407
    10408 10409 10410 10413
    10414 10416 10418 10419
    10420 10421 10422 10500
    10501 10502 10503 10505
    10509 10512 10518 10519
    10522 10525 10527 10530
    10534 10536 10550 10553
    10555 10558 10560 10563
    10564 10575 10578 10581
    10585 10600 10603 10608
    10612 10613 10616 10621
    10622 10628 10637 10638
    10644 10645 10651 10652
    10661 10664 10666 10672
    10673 10678 10684 10690
    10691 10694
cmpxchg 0539
    0539 1550
CONSOLE 4007
    4007 7856 7857
console_init 7851
    0219 1295 7851
console_intr 7692
    0221 7348 7692
console_lock 7372
    7372 7543 7662 7671 7674
    7853
console_read 7780
    7780 7857
console_write 7666
    7666 7856
cons_putc 7433
    7433 7475 7480 7483 7522
    7558 7582 7620 7625 7653
    7654 7673 7706 7712 7718
context 1968
    0204 0325 1968 1994 2018
    2191 2192 2193 2263 2288
    2602 2981 2987 2988 2989
    2990 2991
copyproc 2154
    0307 2154 2207 3612
cp 2010
    2010 2107 2110 2111 2112
    2113 2114 2115 2116 2259
    2268 2281 2288 2296 2309
    2320 2321 2331 2332 2336
    2343 2344 2363 2381 2382
    2386 2482 2487 2488 2489
    2493 2494 2499 2502 2509
    2510 2513 2514 2515 2536
    2562 2568 3238 3240 3242
    3284 3295 3296 3305 3310
    3446 3460 3462 3476 3567
    3569 3572 3573 3612 3644
    3660 3674 5362 5621 5638
    5639 5655 5657 5659 5667
    5669 5671 5696 5946 5947
    5963 5969 5989 6104 6107
    6108 6109 6110 6111 6112
    6234 6257 7796
cprintf 7534
    0220 1283 1325 1530 1536
    1538 1907 2540 2541 2546
    2600 2604 2606 2736 2760
    2764 2814 2836 2844 2854
    3269 3286 3293 3571 5509
    5527 6687 6912 7534 7736
    7741 7816 7820 7822 7824
    7870 7874 7875 7887 7888
    7889 7892 8846 8892 8910
    8919 8932 8943 8957 8996
    9002 9010 9011 9014 9413
    9424 9431 9518 9519 9522
    9524 9526 9528 9530 9532
    9534 9644 9676 9679 9707
    9718 9722 9724 9726 9733
    9734 9735
cpu 2016 6786
    0261 0276 1283 1314 1315
    1325 1327 1330 1333 1334
    1355 1362 1408 1517 1548
    1549 1561 1573 1582 1622
    2010 2016 2028 2124 2126
    2263 2288 3249 3252 3269
    3286 3287 3294 3295 3300
    6562 6563 6786 7887
cpuid 0521
    0521 0525 1329 1555 1577
create 5812
    5812 5855 5873 5914 5926
CRTPORT 7366
    7366 7406 7407 7408 7409
    7425 7426 7427 7428
CTL 7159
    7159 7185 7189 7335
CUC_DUMP_RESET 9143
    9143 9492
CUC_RESUME 9139
    9139 9710 9840 9851
CUC_START 9138
    9138 9681 9845
delay 9474
    9474 9489
devsw 4000
    4000 4005 5159 5161 5186
    5188 5457 7856 7857
dinode 4223
    4223 4237 4919 4933 5006
    5013 5031 5034
dirent 4250
    4250 5231 5238 5239 5262
    5755 5770
dirlink 5259
    0238 5259 5274 5282 5734
    5842 5854
dirlookup 5227
    0239 5227 5234 5266 5377
    5786 5822
DIRSIZ 4249
    4249 4252 5220 5279 5327
    5328 5394 5715 5771 5816
disk_1_present 4378
    4378 4415 4490
DPL_USER 0714
    0714 2139 2140 2212 2213
    3223 3305
dummy_ide_intr 4395
    4395 4409
E0ESC 7166
    7166 7320 7324 7325 7327
    7330
E100_CB_SIZE 9116
    9116 9753 9764 9870 9874
    9886
e100_cu_command 9582
    9398 9582 9681 9710 9840
    9845 9851
E100_CU_RING_SIZE 9114
    9114 9421 9435
e100_get_state 9501
    9501 9517 9649
e100_intr 9629
    9400 9465 9629 9644
E100_IOPORT_SIZE 9113
    9113 9451
E100_MAX_DEVS 9111
    9111 9393
e100_print_state 9515
    9395 9457 9515
e100_put_state 9509
    9396 9509 9652
e100_read_scb_command 9570
    9397 9570 9589 9608
e100_receive 9925
    7815 9027 9106 9925
e100_receive_dev 9933
    9404 9929 9933
e100_reset 9486
    9394 9454 9486
E100_RFD_SIZE 9117
    9117 9890 9893 9896 9909
e100_ru_command 9601
    9399 9601 9921 9958
E100_RU_RING_SIZE 9115
    9115 9428 9436
e100_ru_start 9918
    9401 9469 9918
e100_rx_thread 9612
    9405 9468 9612
e100_send 9859
    7813 9038 9105 9859
e100_send_dev 9801
    9801 9863
e100_set_gp 9576
    9576 9587 9606
elfhdr 0855
    0855 1169 1173 6014
ELF_MAGIC 0852
    0852 1179 6030
ELF_PROG_LOAD 0886
    0886 6035 6064
EOI 6710
    6710 6773 6798
ERROR 6728
    6728 6766 8846
ESR 6713
    6713 6769 6770
ether_e100_attach 9411
    8790 9104 9411
EXEC 10157
    10157 10222 10359 10665
execcmd 10169 10353
    10169 10210 10223 10353
    10355 10621 10627 10628
    10656 10666
exit 2477
    0309 2477 2517 2991 3239
    3243 3306 3621 10015
    10018 10076 10081 10111
    10216 10225 10235 10280
    10328 10335
fdalloc 5633
    5633 5682 5885 5987
fetchint 3416
    0348 3416 3446 5963
fetchstr 3428
    0349 3428 3476 5969
file 4150
    0205 0229 0230 0231 0233
    0234 0235 0301 1904 1908
    1992 4150 5453 5459 5468
    5475 5476 5477 5479 5487
    5488 5502 5504 5510 5528
    5534 5552 5572 5608 5614
    5617 5633 5653 5665 5677
    5692 5703 5866 5979 6155
    6170 10178 10233 10234
    10364 10372 10572
filealloc 5469
    0229 5469 5885 6176
fileclose 5502
    0230 2488 5502 5510 5528
    5697 5887 5990 5991 6200
    6204
filedup 5488
    0231 2185 5488 5492 5684
fileinit 5462
    0232 1292 5462
fileread 5552
    0233 5552 5567 5659
filestat 5534
    0234 5534 5708
filewrite 5572
    0235 5572 5587 5671
file_table_lock 5458
    5458 5464 5473 5478 5482
    5490 5494 5506 5513 5519
FL_IF 0662
    0662 2216
fmt_types 7525
    7525 7539
fork1 10339
    10200 10242 10254 10261
    10276 10324 10339
forkret 2303
    2066 2192 2303
forkret1 3184
    2067 2309 3183 3184
gatedesc 0780
    0485 0488 0780 3211
getcallerpcs 1602
    0329 1562 1602 2602 7872
    7890
getcmd 10284
    10284 10315
gettoken 10430
    10430 10529 10533 10557
    10570 10571 10607 10611
    10633
growproc 2103
    0310 2103 3658
holding 1620
    0330 1528 1569 1620 2283
ialloc 5002
    0240 5002 5023 5832
IBLOCK 4240
    4240 4931 5012 5033
ICRHI 6721
    6721 6776 6820 6826
ICRLO 6714
    6714 6777 6778 6821 6827
ID 6707
    6707 6789 8045 8410 8477
    8696 8701 8708 8710
IDE_BSY 4363
    4363 4387
IDE_CMD_READ 4368
    4368 4443
IDE_CMD_WRITE 4369
    4369 4440
IDE_DF 4365
    4365 4389
IDE_DRDY 4364
    4364 4387
IDE_ERR 4366
    4366 4389
ide_init 4401
    0256 1296 4401
ide_intr 4452
    0257 3261 4452
ide_lock 4375
    4375 4405 4456 4458 4475
    4493 4508 4512
ide_rw 4482
    0258 4482 4487 4489 4658
    4669
ide_start_request 4427
    4379 4427 4431 4473 4502
ide_wait_ready 4383
    4383 4408 4433 4463
idtinit 3229
    0357 1291 1326 3229
idup 4906
    0241 2186 4906 5362
iget 4869
    4869 4890 5019 5249 5360
iinit 4861
    0242 1293 4861
ilock 4916
    0243 4916 4922 4943 5366
    5537 5561 5581 5722 5733
    5743 5778 5790 5820 5824
    5836 5878 5940 6021 7675
    7798 7845
inb 0405
    0405 0978 0986 1204 4387
    4414 6696 7314 7317 7384
    7407 7409 9572
INDIRECT 4218
    4218 5077 5080 5115 5116
    5123 8024
initlock 1513
    0331 1513 1715 2072 2732
    3225 4405 4592 4863 5464
    6184 7853 7854 9442 9443
    9444
inl 0414
    0414 8821
inode 4302
    0206 0238 0239 0240 0241
    0243 0244 0245 0246 0247
    0249 0250 0251 0252 0253
    1993 4001 4002 4156 4302
    4725 4857 4868 4871 4877
    4905 4906 4916 4952 4965
    4987 5001 5028 5060 5102
    5132 5152 5180 5226 5227
    5259 5263 5353 5356 5391
    5400 5716 5752 5769 5811
    5815 5867 5906 5924 5936
    6015 7666 7780
INPUT_BUF 7680
    7680 7683 7704 7716 7717
    7719 7830
insl 0432
    0432 1223 4464
INT_DISABLED 6869
    6869 6917
int_enabled 1520
    1520 1579
inw 0423
    0423 9504
IOAPIC 6858
    6858 6908
ioapic_enable 6923
    0261 4407 6923 7861 9467
ioapic_id 6566
    0262 6566 6678 6911 6912
ioapic_init 6901
    0263 1288 6901 6912
ioapic_read 6884
    6884 6909 6910
ioapic_write 6891
    6891 6917 6918 6931 6932
IO_PIC1 7010
    7010 7029 7055 7064 7067
    7071 7081 7095 7096
IO_PIC2 7011
    7011 7030 7056 7084 7085
    7086 7089 7098 7099
IO_TIMER1 7909
    7909 7918 7928 7929
IPB 4237
    4237 4240 4246 4933 5013
    5034
iput 4965
    0244 2493 4965 4971 4990
    5267 5385 5524 5737 5946
IRQ_ERROR 3085
    3085 6766
IRQ_IDE 3083
    3083 3260 4406 4407
IRQ_IDE_2 3084
    3084 4409
IRQ_KBD 3082
    3082 3264 7860 7861
IRQ_MAX 6957
    3276 6957 7008
IRQ_OFFSET 3079
    3079 3251 3260 3264 3268
    3276 3277 3280 3310 6743
    6754 6766 6917 6931 7067
    7085 9636
IRQ_SLAVE 7013
    7013 7017 7071 7086
IRQ_SPURIOUS 3086
    3086 3268 6743
IRQ_TIMER 3081
    3081 3251 3310 6754 7930
isdirempty 5752
    5752 5759 5794
ismp 6564
    0287 1309 6564 6663 6905
    6925
itrunc 5102
    4725 4974 5102
iunlock 4952
    0245 4952 4955 4989 5374
    5539 5564 5584 5729 5891
    5945 7670 7791
iunlockput 4987
    0246 4987 5369 5378 5381
    5724 5736 5742 5746 5782
    5787 5795 5796 5803 5807
    5823 5826 5833 5844 5845
    5857 5880 5888 5916 5928
    5942 6072 6118
iupdate 5028
    0247 4976 5028 5127 5210
    5728 5745 5806 5840 5852
I_BUSY 4316
    4316 4925 4927 4954 4958
    4970 4972 4978
I_VALID 4317
    4317 4930 4941 4968
kalloc 2808
    0266 2107 2164 2175 2209
    2732 2808 2814 2818 2836
    2846 6055 6178 9421 9428
kalloc_lock 2713
    2713 2732 2771 2801 2820
    2824 2830 2834
KBDATAP 7154
    7154 7317
kbd_getc 7306
    7306 7348
kbd_intr 7346
    0273 3265 7346
KBSTATP 7152
    7152 7314
KBS_DIB 7153
    7153 7315
KEY_DEL 7178
    7178 7219 7241 7265
KEY_DN 7172
    7172 7215 7237 7261
KEY_END 7170
    7170 7218 7240 7264
KEY_HOME 7169
    7169 7218 7240 7264
KEY_INS 7177
    7177 7219 7241 7265
KEY_LF 7173
    7173 7217 7239 7263
KEY_PGDN 7176
    7176 7216 7238 7262
KEY_PGUP 7175
    7175 7216 7238 7262
KEY_RT 7174
    7174 7217 7239 7263
KEY_UP 7171
    7171 7215 7237 7261
kfree 2755
    0267 2114 2176 2544 2548
    2737 2755 2760 2764 2765
    2856 6107 6117 6197 6223
kill 2454
    0311 2454 3294 3638
    10117
kinit 2726
    0270 1289 2726
kmalloc 2841
    0268 2841 2844 2964 2971
kmfree 2851
    0269 2851 2854 3004
kproc_t 2902
    2902 2918 2920 2961 2964
    3000
KSTACKSIZE 0154
    0154 2129 2164 2168 2176
    2548 2971 2988
lapic_eoi 6795
    0280 3258 3262 3266 3270
    3281 6795
lapic_init 6737
    0281 1282 1327 6737
lapic_startap 6814
    0282 1368 6814
lgdt 0474
    0474 0482 0997 1090 2146
lidt 0488
    0488 0496 3231
LINT0 6726
    6726 6757
LINT1 6727
    6727 6758
LIST 10160
    10160 10240 10407 10683
listcmd 10190 10401
    10190 10211 10241 10401
    10403 10534 10657 10684
LPTPORT 7367
    7367 7384 7388 7389 7390
lpt_putc 7380
    7380 7441
ltr 0501
    0501 0503 2147
MAXARGS 10163
    10163 10171 10172 10640
MAXFILE 4220
    4220 5193 5194
MAX_LOCKS 2024
    2024 2025
memcmp 6332
    0335 6332 6593 6638
memcpy 6303
    0342 6303 9832 9945
memmove 6351
    0336 1359 2110 2172 2181
    2225 4735 4939 5040 5172
    5203 5328 5330 6083 6351
    7420
memset 6320
    0337 1269 2111 2191 2211
    2769 2981 4758 5015 5800
    5959 6058 6070 6320 7102
    7422 8868 8938 9054
    10287 10358 10369 10385
    10406 10419
microdelay 6803
    6803 6822
millitime 7934
    0354 2315 2341 3687 7934
min 4724
    4724 5171 5202
mp 6452
    6452 6557 6586 6592 6593
    6594 6605 6610 6614 6615
    6618 6619 6630 6633 6635
    6637 6644 6654 6660 6692
MPBUS 6502
    6502 6681
mpconf 6463
    6463 6629 6632 6637 6655
mpioapic 6489
    6489 6657 6677 6679
MPIOINTR 6504
    6504 6682
MPLINTR 6505
    6505 6683
mpmain 1323
    1323 1367
mpproc 6478
    6478 6656 6669 6674
MPSTACK 2013
    1279 1280 1366 2013 2021
mp_bcpu 6569
    0288 1276 6569
mp_config 6630
    6630 6660
mp_init 6651
    0289 6651 6687 6688
mp_search 6606
    6606 6635
mp_search1 6587
    6587 6614 6618 6621
msleep_spin 2313
    0317 1758 2313 7804
NADDRS 4216
    4216 4229 4313
namecmp 5218
    0248 5218 5243 5781
namei 5392
    0249 2210 2992 5392 5720
    5876 5938 6018
nameiparent 5401
    0250 5401 5731 5776 5818
NBUF 0158
    0158 4579 4597
NCPU 0155
    0155 1272 2009 2028 2062
    6562
NDEV 0160
    0160 5159 5186 5457
NDIRECT 4217
    4216 4217 4220 5065 5073
    5108
NELEM 0363
    0363 2596 3568 5961
NFILE 0157
    0157 5459 5474
NINDIRECT 4219
    4219 4220 5075 5118
NINODE 0159
    0159 4857 4877
NO 7156
    7156 7202 7205 7207 7208
    7209 7210 7212 7224 7227
    7229 7230 7231 7232 7234
    7252 7253 7255 7256 7257
    7258 8024
NOFILE 0156
    0156 1992 2183 2486 5621
    5637
NPROC 0152
    0152 2061 2085 2250 2407
    2420 2459 2501 2532 2592
NSEGS 1959
    1959 2020
NULL 0366
    0365 0366 2966 2970 2973
nulterminate 10652
    10503 10518 10652 10673
    10679 10680 10685 10686
    10691
NUMLOCK 7163
    7163 7196
OP_TRANSMIT 9171
    9171 9817
outb 0441
    0441 0983 0991 1214 1215
    1216 1217 1218 1219 4412
    4421 4422 4434 4435 4436
    4437 4438 4440 4443 6695
    6696 7029 7030 7055 7056
    7064 7067 7071 7081 7084
    7085 7086 7089 7095 7096
    7098 7099 7388 7389 7390
    7406 7408 7425 7426 7427
    7428 7927 7928 7929
outl 0457
    0457 8814 8828 9488 9578
outsl 0463
    0463 4441
outw 0451
    0451 1194 1195 9493 9511
    9588 9607
O_CREATE 4053
    4053 5872 10578 10581
O_RDONLY 4050
    4050 10575
O_RDWR 4052
    4052 5879 5897 10064
    10066 10307
O_WRONLY 4051
    4051 5879 5896 5897
    10578 10581
PAGE 0153
    0153 0154 2208 2734 2736
    2737 2760 2762 2814 2817
    2846 2856 6051 6054 6178
    6197 6223 9421 9428 9435
    9436
panic 7880 10332
    0222 1539 1570 1580 2282
    2284 2321 2323 2364 2367
    2483 2517 2765 2777 2818
    4431 4487 4489 4491 4640
    4667 4677 4789 4816 4890
    4922 4943 4955 4971 5023
    5097 5234 5274 5282 5492
    5510 5528 5567 5587 5759
    5793 5802 5855 6688 7880
    7887 10201 10220 10253
    10332 10345 10516 10572
    10606 10610 10636 10641
parseblock 10601
    10601 10606 10625
parsecmd 10506
    10202 10325 10506
parseexec 10617
    10502 10555 10617
parseline 10523
    10500 10512 10523 10534
    10608
parsepipe 10551
    10501 10527 10551 10558
parseredirs 10564
    10564 10612 10631 10642
PCINT 6725
    6725 6763
pci_attach 8854
    8854 8900
pci_attach_match 8832
    8832 8846 8857 8859
PCI_BHLC_REG 8310
    8310 8872
PCI_BIST_MASK 8313
    8313 8315 8338
PCI_BIST_SHIFT 8312
    8312 8315 8338
pci_bridge_attach 8917
    8767 8781 8917
PCI_BRIDGE_BUS_REG 8601
    8601 8929
PCI_BRIDGE_BUS_SECONDARY_SHIFT 8603
    8603 8940
PCI_BRIDGE_BUS_SUBORDINATE_SHIFT 8604
    8604 8946
PCI_BRIDGE_IO_32BITS 8613
    8613 8931
pci_bridge_pci_attach 8926
    8768 8782 8926
PCI_BRIDGE_STATIO_REG 8606
    8606 8928
pci_bus 7974
    7958 7961 7974 8864 8937
    9053
PCI_CACHELINE_MASK 8333
    8333 8335 8342
PCI_CACHELINE_SHIFT 8332
    8332 8335 8342
PCI_CLASS 8118
    8118 8857 8895
PCI_CLASS_BRIDGE 8148
    8148 8781 8782
PCI_CLASS_DISPLAY 8145
    8145 8783
PCI_CLASS_MASK 8117
    8117 8119 8137
PCI_CLASS_NETWORK 8144
    8144 8784
PCI_CLASS_REG 8109
    8109 8890
PCI_CLASS_SHIFT 8116
    8116 8119 8137
PCI_COMMAND_IO_ENABLE 8080
    8080 8969
PCI_COMMAND_MASK 8072
    8072 8077
PCI_COMMAND_MASTER_ENABLE 8082
    8082 8971
PCI_COMMAND_MEM_ENABLE 8081
    8081 8970
PCI_COMMAND_SHIFT 8071
    8071 8077
PCI_COMMAND_STATUS_REG 8070
    8070 8968
pci_conf1_set_addr 8801
    8801 8820 8827
pci_conf_read 8818
    8818 8872 8883 8887 8890
    8928 8929 8978 8982
pci_conf_write 8825
    8825 8968 8981 9006
pci_display_attach 8955
    8769 8783 8955
pci_driver 8773
    8773 8780 8789 8833
pci_func 7960
    7960 7975 7980 8767 8768
    8769 8770 8775 8818 8825
    8833 8854 8867 8878 8881
    8908 8917 8926 8955 8966
    9104 9411
pci_func_enable 8966
    7980 8966 9441
PCI_HDRTYPE 8319
    8319 8323 8325
PCI_HDRTYPE_MASK 8318
    8318 8320 8339
PCI_HDRTYPE_MULTIFN 8324
    8324 8879
PCI_HDRTYPE_SHIFT 8317
    8317 8320 8339 8340
PCI_HDRTYPE_TYPE 8322
    8322 8873
PCI_ID_REG 8047
    8047 8411 8883
pci_init 9051
    1307 7979 9051
PCI_INTERFACE_MASK 8127
    8127 8129 8139
PCI_INTERFACE_SHIFT 8126
    8126 8129 8139
PCI_INTERRUPT_GRANT_MASK 8566
    8566 8568 8587
PCI_INTERRUPT_GRANT_SHIFT 8565
    8565 8568 8587
PCI_INTERRUPT_LATENCY_MASK 8571
    8571 8573 8586
PCI_INTERRUPT_LATENCY_SHIFT 8570
    8570 8573 8586
PCI_INTERRUPT_LINE 8582
    8582 8888
PCI_INTERRUPT_LINE_MASK 8581
    8581 8583 8589
PCI_INTERRUPT_LINE_SHIFT 8580
    8580 8583 8589
PCI_INTERRUPT_PIN_MASK 8576
    8576 8578 8588
PCI_INTERRUPT_PIN_SHIFT 8575
    8575 8578 8588
PCI_INTERRUPT_REG 8545
    8545 8887
PCI_LATTIMER_MASK 8328
    8328 8330 8341
PCI_LATTIMER_SHIFT 8327
    8327 8330 8341
PCI_MAPREG_END 8354
    8354 8975
PCI_MAPREG_IO_ADDR 8391
    8391 8394 9000
PCI_MAPREG_IO_ADDR_MASK 8395
    8392 8395
PCI_MAPREG_IO_SIZE 8393
    8393 8999
PCI_MAPREG_MEM64_ADDR 8385
    8385 8388
PCI_MAPREG_MEM64_ADDR_MASK 8389
    8386 8389
PCI_MAPREG_MEM_ADDR 8379
    8379 8382 8994
PCI_MAPREG_MEM_ADDR_MASK 8383
    8380 8383
PCI_MAPREG_MEM_PREFETCHABLE_MASK 8377
    8376 8377
PCI_MAPREG_MEM_SIZE 8381
    8381 8993
PCI_MAPREG_MEM_TYPE 8367
    8367 8990
PCI_MAPREG_MEM_TYPE_64BIT 8373
    8373 8990
PCI_MAPREG_MEM_TYPE_MASK 8369
    8368 8369
PCI_MAPREG_NUM 8400
    8400 8987
PCI_MAPREG_START 8353
    8353 8401 8975
PCI_MAPREG_TYPE 8359
    8359 8989
PCI_MAPREG_TYPE_MASK 8361
    8360 8361
PCI_MAPREG_TYPE_MEM 8363
    8363 8989
PCI_MAX_LAT_MASK 8556
    8556 8558
PCI_MAX_LAT_SHIFT 8555
    8555 8558
PCI_MIN_GNT_MASK 8561
    8561 8563
PCI_MIN_GNT_SHIFT 8560
    8560 8563
pci_net_ether_attach 8908
    8770 8785 8908
PCI_PRODUCT 8060
    8060 8859 8894 8912 8921
    8959 9017 9416
PCI_PRODUCT_E100 9109
    8790 9109
PCI_PRODUCT_MASK 8059
    8059 8061 8065
PCI_PRODUCT_SHIFT 8058
    8058 8061 8065
PCI_REVISION_MASK 8132
    8132 8134
PCI_REVISION_SHIFT 8131
    8131 8134
pci_scan_bus 8864
    8864 8950 9056
PCI_STATUS_MASK 8074
    8074 8078
PCI_STATUS_SHIFT 8073
    8073 8078
PCI_SUBCLASS 8123
    8123 8857 8895
PCI_SUBCLASS_ANY 8778
    8778 8781 8783
PCI_SUBCLASS_BRIDGE_PCI 8210
    8210 8782
PCI_SUBCLASS_MASK 8122
    8122 8124 8138
PCI_SUBCLASS_NETWORK_ETHERNET 8177
    8177 8784
PCI_SUBCLASS_SHIFT 8121
    8121 8124 8138
PCI_VENDOR 8055
    8055 8859 8884 8894 8912
    8921 8959 9017 9416
PCI_VENDOR_INTEL 9108
    8790 9108
PCI_VENDOR_MASK 8054
    8054 8056 8064
PCI_VENDOR_SHIFT 8053
    8053 8056 8064
PCI_VPD_ADDRESS_MASK 8448
    8448 8451
PCI_VPD_ADDRESS_SHIFT 8449
    8449 8451
peek 10475
    10475 10513 10528 10532
    10556 10569 10605 10609
    10624 10632
pic_enable 7034
    0293 4406 7034 7860 7930
    9466
pic_init 7052
    0294 1287 7052
pic_setmask 7026
    7026 7036 7101
pinit 2070
    0312 1285 2070
pipe 6160
    0207 0302 0303 0304 4155
    5522 5559 5579 6160 6172
    6178 6184 6188 6192 6210
    6227 6251 10113 10252
    10253
pipealloc 6170
    0301 5984 6170
pipeclose 6210
    0302 5522 6210
pipecmd 10184 10380
    10184 10212 10251 10380
    10382 10558 10658 10678
piperead 6251
    0303 5559 6251
PIPESIZE 6158
    6158 6166 6233 6242 6267
pipewrite 6227
    0304 5579 6227
PORT_SOFT_RESET 9160
    9160 9488
printint 7501
    7501 7591 7600 7610
printintlen 7451
    7451 7589 7598 7608
printstack 7865
    0223 2815 7865
proc 1983
    0208 0307 0308 0315 0348
    0349 1254 1507 1983 1989
    2009 2055 2061 2062 2063
    2078 2082 2086 2122 2153
    2154 2157 2204 2242 2251
    2405 2407 2418 2420 2456
    2459 2479 2501 2525 2533
    2588 2593 2913 2918 2955
    2959 2961 2968 2990 3002
    3204 3294 3404 3416 3428
    3604 3610 4356 4717 5605
    6003 6154 6560 6656 6669
    6670 6671 7361 9356
procdump 2576
    0313 2576 7700
proc_table_lock 2059
    2030 2059 2072 2084 2091
    2095 2247 2272 2283 2284
    2295 2298 2306 2325 2327
    2350 2352 2375 2376 2389
    2390 2432 2434 2442 2444
    2458 2465 2469 2496 2528
    2554 2563 2568 3009
proghdr 0874
    0874 1170 1183 6016
readi 5152
    0251 5152 5273 5562 5758
    5759 6028 6033 6062 6068
readsb 4729
    4729 4775 4811 5010
readsect 1210
    1210 1246
readseg 1229
    1164 1176 1186 1229
REDIR 10158
    10158 10230 10370 10671
redircmd 10175 10364
    10175 10213 10231 10364
    10366 10575 10578 10581
    10659 10672
REG_ID 6860
    6860 6910
reg_irq_handler 7020
    4409 6956 7020 9465
REG_TABLE 6862
    6862 6917 6918 6931 6932
REG_VER 6861
    6861 6909
release 1567
    0332 1567 1570 1580 1735
    1748 1766 1783 1793 2091
    2095 2272 2298 2306 2328
    2352 2377 2390 2434 2444
    2465 2469 2554 2563 2801
    2824 2830 2834 3009 3256
    3675 3680 4458 4475 4512
    4625 4636 4691 4880 4898
    4910 4928 4960 4973 4982
    5478 5482 5494 5513 5519
    6220 6235 6245 6258 6270
    7662 7674 7727 7797 7844
    9625 9812 9854 9942 9962
ring_alloc 9751
    9751 9808
ring_init 9867
    9403 9437 9867
ring_printinfo 9731
    9402 9692 9731
ROOTDEV 0161
    0161 5360
RUC_START 9152
    9152 9921 9958
run 2715
    2583 2715 2716 2719 2757
    2772 2773 2775 2811
runcmd 10206
    10206 10220 10237 10243
    10245 10259 10266 10277
    10325
RUNNABLE 1979
    1979 2227 2252 2261 2296
    2410 2424 2464 2582 2993
    3614
safestrcpy 6402
    0338 2226 2984 2986 6104
    6402
SCB_COMMAND 9121
    9121 9493 9572 9588 9607
scb_command_word 9205
    9205 9222 9223 9490 9584
    9603
SCB_GENPTR 9122
    9122 9578
SCB_PORT 9123
    9123 9488
SCB_STATUS 9120
    9120 9504 9511
scb_status_word 9182
    9182 9202 9203 9395 9396
    9500 9503 9509 9514 9517
    9521 9649 9650
sched 2279
    2279 2282 2284 2297 2335
    2383 2516
scheduler 2240
    0314 1318 1337 2240
SCROLLLOCK 7164
    7164 7197
SECTSIZE 1162
    1162 1176 1223 1237 1240
    1245
SEG 0704
    0704 2134 2135 2139 2140
SEG16 0709
    0709 2136
segdesc 0679
    0471 0474 0679 0701 0704
    0709 2020
SEG_ASM 0608
    0608 1028 1029 1118 1119
SEG_KCODE 1954
    1954 2134 3222 3223
SEG_KDATA 1955
    1955 2127 2135
SEG_NULL 0701
    0701 2133 2142 2143
SEG_NULLASM 0604
    0604 1027 1117
SEG_TSS 1958
    1958 2136 2137 2147
SEG_UCODE 1956
    1956 2139 2142 2212
SEG_UDATA 1957
    1957 2140 2143 2213
sem 1706
    1653 1654 1656 1657 1658
    1659 1660 1661 1662 1704
    1706 1712 1715 1716 1717
    1721 1723 1727 1729 1730
    1731 1733 1735 1738 1740
    1741 1743 1744 1745 1747
    1748 1750 1754 1755 1757
    1758 1759 1761 1763 1766
    1771 1775 1776 1778 1783
    1787 1791 1792 1793 1802
sem_t 1654
    1654 1656 1657 1658 1659
    1660 1661 1662 1712 1721
    1727 1738 1750 1771 1787
SETGATE 0808
    0808 3222 3223
setupsegs 2122
    0315 1294 1328 2122 2260
    2269 3660 6112
SHIFT 7158
    7158 7186 7187 7335
skipelem 5314
    5314 5364
sleep 2361
    0316 1744 2361 2364 2367
    2568 2581 3678 4508 4621
    4926 6239 6261 7802 9618
    9939 10129
spinlock 1403
    0209 0316 0317 0328 0330
    0331 0332 0360 1403 1508
    1513 1526 1567 1620 1702
    1707 1950 2025 2030 2056
    2059 2313 2361 2710 2713
    3207 3213 4359 4375 4576
    4580 4718 4856 5454 5458
    6156 6165 7358 7372 7682
    9372 9382 9390
start 0962 1075 10007
    0961 0962 1017 1074 1075
    1110 1111 2730 2733 2734
    2737 9807 9810 9824 9825
    9827 9828 9829 9830 9831
    9832 9839 9840 9844 9845
    9850 9851 9853 10006
    10007
stat 4100
    0210 0234 0252 4100 4715
    5132 5534 5603 5704 8076
    8078 9229 9396 9509 9511
    9521 9522 9523 9525 9527
    9529 9531 9533 9650 9654
    9658 9672 9716 9721 9723
    9725 10053
stati 5132
    0252 5132 5538
STA_R 0617 0721
    0617 0721 1028 1118 2134
    2139
STA_W 0616 0720
    0616 0720 1029 1119 2135
    2140
STA_X 0613 0717
    0613 0717 1028 1118 2134
    2139
sti 0557
    0557 0559 1316 1335 1585
strlen 6416
    0339 6045 6081 6416
    10319 10511
strncmp 6371
    0340 5220 6371
strncpy 6381
    0341 5279 6381
STS_IG32 0735
    0735 0814
STS_T32A 0732
    0732 2136
STS_TG32 0736
    0736 0814
STUB 10103 10110 10111 10112 10113 10114 10115 10116 10117 10118 10119 10120 10121 10122 10123 10124 10125 10126 10127 10128 10129 10130 10131 10132 10133 10134 10135 10136 10137 10138 10139 10140 10141 10142 10143 10144 10145
    10110 10111 10112 10113
    10114 10115 10116 10117
    10118 10119 10120 10121
    10122 10123 10124 10125
    10126 10127 10128 10129
    10130 10131 10132 10133
    10134 10135 10136 10137
    10138 10139 10140 10141
    10142 10143 10144 10145
sum 6575
    6575 6577 6579 6581 6582
    6593 6642
superblock 4210
    4210 4729 4771 4805 5007
SVR 6711
    6711 6743
swtch 2656
    0325 2263 2288 2655 2656
syscall 3563
    0350 3241 3406 3563
SYS_accept 3375
    3375 3548
SYS_bind 3373
    3373 3546
SYS_chdir 3366
    3366 3523
SYS_close 3357
    3357 3524
SYS_connect 3384
    3384 3557
SYS_dup 3367
    3367 3525
SYS_exec 3359
    3359 3526 10011
SYS_exit 3352
    3352 3527 10016
SYS_fork 3351
    3351 3528
SYS_fstat 3363
    3363 3529
SYS_getpeername 3385
    3385 3558
SYS_getpid 3368
    3368 3530
SYS_getsockname 3386
    3386 3559
SYS_getsockopt 3381
    3381 3554
SYS_kill 3358
    3358 3531
SYS_link 3364
    3364 3532
SYS_listen 3374
    3374 3547
SYS_mkdir 3365
    3365 3533
SYS_mknod 3361
    3361 3534
SYS_open 3360
    3360 3535
SYS_pipe 3354
    3354 3536
SYS_read 3356
    3356 3537
SYS_recv 3376
    3376 3549
SYS_recvfrom 3377
    3377 3550
SYS_sbrk 3369
    3369 3538
SYS_send 3378
    3378 3551
SYS_sendto 3379
    3379 3552
SYS_setsockopt 3382
    3382 3555
SYS_shutdown 3380
    3380 3553
SYS_sleep 3370
    3370 3539
SYS_sockclose 3383
    3383 3556
SYS_socket 3372
    3372 3545
sys_timeouts 2907
    2907 2915
SYS_TIMEOUTS_DEFINED 2905
    2904 2905
SYS_unlink 3362
    3362 3540
SYS_upmsec 3371
    3371 3543
SYS_wait 3353
    3353 3541
SYS_write 3355
    3355 3542
taskstate 0739
    0739 2019
TBD_DATA_LIMIT 9306
    9306 9804
TCCR 6731
    6731 6753
TDCR 6732
    6732 6751
thread 2912
    1997 2057 2902 2912 2920
    2952 2957 2964 2984 3000
    3002 3004 3007 3010 7363
    9363 9468
thread_stub 7731
    7731 7736
ticks 3214
    0358 3214 3254 3255 3672
    3673 3678 7936
tickslock 3213
    0360 3213 3225 3253 3256
    3671 3675 3678 3680
TICR 6730
    6730 6752
TIMER 6722
    6722 6754
TIMER_16BIT 7921
    7921 7927
TIMER_DIV 7916
    7916 7928 7929
TIMER_FREQ 7915
    7915 7916
timer_init 7924
    0353 1310 7924
TIMER_MODE 7918
    7918 7927
TIMER_RATEGEN 7920
    7920 7927
TIMER_SEL0 7919
    7919 7927
TPR 6709
    6709 6782
trap 3235
    3102 3104 3169 3235 3286
    3293
trapframe 0564
    0564 1995 2067 2168 3235
    4395 6954 9400 9629
trapret 3174
    3173 3174 3186
tvinit 3217
    0359 1290 3217
T_DEV 4234
    4234 5158 5185 5914
T_DIR 4232
    4232 5233 5368 5723 5794
    5850 5879 5926 5941
T_FILE 4233
    4233 5873
T_SYSCALL 3076
    3076 3223 3237 10012
    10017 10107
uint16_t 0105
    0105 8050 8051 9201 9221
    9227 9236 9252 9282 9285
uint32_t 0103
    0103 2315 2316 7963 7964
    7966 7967 7969 7970 7976
    8763 8764 8774 8801 8802
    8803 8804 8812 8817 8818
    8825 8832 8835 8872 8887
    8928 8929 8973 8974 8978
    8982 8988 9105 9106 9268
    9280 9369 9370 9373 9374
    9377 9383 9384 9385 9421
    9428 9578 9751 9767 9768
    9788 9789 9801 9859 9886
    9909 9925
uint8_t 0107
    0107 7971 8111 8112 8113
    8114 8550 8551 8552 8553
    8658 8663 8664 8665 8684
    8685 8686 9273 9274 9397
    9569
userinit 2202
    0318 1311 2202
VER 6708
    6708 6762
wait 2523
    0319 2523 2540 3628
    10083 10112 10244 10270
    10271 10326
waitdisk 1201
    1201 1213 1222
wakeup 2440
    0320 2440 3255 4469 4689
    4959 4979 6215 6218 6238
    6244 6269 7721 9663 9665
wakeup1 2403
    2403 2443 2499 2505
wakeup_one 2430
    0321 1733 2430
wakeup_one1 2416
    2416 2433
writei 5180
    0253 5180 5281 5582 5801
    5802
XV6_ASSERT_H_ 1851
    1850 1851
XV6_DEFS_H_ 0201
    0200 0201
XV6_E100_H_ 9101
    9100 9101
XV6_MMU_H_ 0651
    0650 0651
XV6_PARAM_H_ 0151
    0150 0151
XV6_PCI_H_ 7951
    7950 7951
XV6_PICIRQ_H_ 6951
    6950 6951
XV6_SEM_H_ 1651
    1650 1651
XV6_SPINLOCK_H_ 1401
    1400 1401
XV6_THREAD_H_ 2901
    2900 2901
XV6_TYPES_H_ 0101
    0100 0101
XV6_X86_H_ 0401
    0400 0401
yield 2293
    0322 2293 3311
_DEV_PCI_PCIREG_H_ 8034
    8033 8034 8722
_namei 5354
    5354 5395 5403
